-0.12709852984404701
-1.3812713384831001
-1.15814187508782
-0.040882307121605295
0.07186274316062549
-0.253340802254875
0.117768984899791
-0.15434638018360103
-0.034447261361313396
-1.19245108747353
-1.2738639622366201
-1.42489869635747
-0.8152070577943069
-2.91898770738723
-1.31400690269599
-1.1593350756892
-0.748070750344366
-2.0880460510458105
-1.97430943973568
-3.7087247665584107
-4.229609780661249
-4.65834157241927
-4.5413760436847594
-5.00621884433171
-6.10364771386713
-2.95122125849867
-4.43250375557953
-4.3293129759610105
-4.28113916354963
-3.9816663027783896
-3.8453091896125997
-5.3744641757346505
-4.41590088641527
-1.76618377682136
-3.87737279138938
-5.70319541364352
-5.01255456644082
-0.6995664109664401
-3.8011150295609406
-5.8937065287987105
-5.0447436425901
-0.438592726982599
-2.84563971844739
-4.98138564985748
-4.502645053979481
-0.7805379748170751
-2.6081028429459403
-4.563151287764059
-3.52270716110435
-0.188074036685961
-6.09351911109474
-7.66834388925343
-6.4909985071653
-0.48602681256193697
-3.25794089476242
-4.375581520179789
-3.66018716929179
-0.35969366400112396
-2.9598366277659593
-3.93505369925518
-2.37358080053468
-0.20614578593682997
-2.9113887167649697
-3.2092616398886094
-1.8551616548487702
0.0351881241392245
-3.10613361080211
-2.9285288209996
-1.5220237455946
0.09490207922796401
-3.13230026731498
-2.96903159959672
-1.83158970295716
-0.009473239401566002
-2.4387005602624097
-2.23585590379688
-1.0971319130816501
0.1022468801584098
-2.33211984113169
-2.6949713944251403
-2.0515019737402103
-0.16652807352174803
0.484171044288367
-0.0506350010927667
-0.16232728658707002
-1.97401920330947
-0.325107581134317
-0.097549219164244
-0.952688781167427
0.0817480918090195
-0.5380915634104799
-1.04612659611288
-1.4695069983859401
-0.8335469706329399
-2.69610860145184
-0.89262410503956
-1.86004329963847
-1.4993217742435
-1.01426744779386
-0.8572469918034811
-1.20353955934603
-3.46124659953644
-4.20480903066231
-3.80013985451874
-4.0492291957881195
-4.5571674887445
-4.96885763688475
-5.581068448236899
-4.14150377089223
-4.55686832072597
-4.06159840871707
-4.31092431611627
-5.16622918576444
-2.34245617636544
-2.7212251486074104
-1.89268047474324
0.0631014245423889
-2.7356202598219
-2.4444905643245898
-1.22319048025888
0.05652659771861081
-3.2509999415315605
-2.9546417768403197
-1.62331225009993
0.0289003478958942
-3.4638322898572698
-3.4772754264599097
-1.9385554679839
-0.053187760671508204
-3.3838207753944802
-3.4334197760012097
-2.1857912978556895
-0.159482310550067
-5.8122674075569805
-5.731474427603341
-5.40432536880926
-2.66724160198239
-3.0957814241784902
-3.10070204360619
-2.2600611627269105
-0.350519923441968
-2.95491738317428
-4.91265931767464
-3.59218511251402
0.08693022378994081
-2.97773439382222
-4.90337413048361
-3.9447613240039106
-0.393099350506529
-3.3098312487139996
-5.747609748024151
-4.57479521988778
-0.31600370519474696
-3.62941237615739
-6.12552987149864
-5.45782318201145
-0.6993589722757301
-3.98659028872802
-6.446879591217691
-4.99927815491869
-0.852660828070263
-4.1178334107140895
-6.0336800430526
-5.34453755399082
-2.1967870664083398
0.858583732173301
