****** CHANGE POLICY ******
1PQR or SEQ
  SEQ
13.3017 13.2902 12.3782 10.5498 8.50714 6.3996 5.72193 5.21517 4.71852 11.2912 11.4355 
10.1425 8.85829 6.84772 4.8703 5.03225 4.27473 4.08576 3.20869 6.42322 6.98557 
6.86759 6.17515 4.7603 2.84148 2.99875 2.66959 2.52174 2.87242 2.48185 
  GROUP
-1.9952 -0.181685 4.43739 12.3172 
-1.64546 0.616165 5.05671 12.992 
-1.40805 1.22431 5.3977 11.7126 
-0.724751 1.8962 5.71553 11.2238 
-0.801581 1.83549 5.23627 9.9559 
0.512352 0.925198 0.683832 0.623914 
-1.46826 0.392413 2.36592 4.88194 
-1.43164 -0.132886 1.09958 2.51357 
-0.928936 0.555253 1.76623 3.06457 
-0.598497 0.669235 1.58471 2.65306 
-0.336873 0.766685 1.55351 2.68598 
0.213631 1.8925 3.22013 4.53313 
0.768584 1.88662 3.20084 4.98607 
2PQR or SEQ

D3 BONUS
6.35944 
S3-JOKER LINK BONUS
9.42119 0.338905 4.20398 
MAX1 RANK
1.64938 
MAX2 RANK
0.256363 
MIN1 RANK
-0.33404 
MIN2 RANK
-0.125407 
DOUBLE PRESENT
-0.0369982 
PART SEQ PRESENT
0.294821 0.390091 
