****** MOVE POLICY ******
HAND_SNOWL
NF NML
  SEQ
8.73418 7.10857 6.5659 5.47977 3.89446 2.88993 1.47752 0.659812 0.600544 6.23295 4.99629 
5.22748 4.40663 3.60542 2.39704 1.05634 1.01221 0.714535 1.04456 4.78428 3.87405 
3.17295 3.84882 3.24935 2.46128 0.823159 0.665679 0.528952 0.818215 0.526121 
  GROUP
0.567414 2.39826 4.56076 9.86697 
0.130263 1.84526 3.50982 8.59641 
-0.0563562 1.40834 2.83485 7.93919 
0.0045343 1.25776 2.55033 7.68356 
-0.0131565 1.08088 2.30593 7.13456 
1.70716 2.34718 2.0556 2.89919 
-0.520672 0.0669048 0.897462 5.59859 
-0.562575 -0.0741204 0.624619 5.30113 
-0.613273 -0.215135 0.255477 4.51475 
-0.496182 -0.239327 -0.0509162 3.09672 
-0.261468 -0.196474 -0.303248 1.51262 
0.0476077 0.0714981 0.110205 1.35769 
0.0258447 -0.30516 -2.23844 -3.50193 
  JOKER
1.39591 
NF REV
  SEQ
-0.363458 1.58764 2.24774 3.26336 4.49955 5.893 6.34247 7.92496 9.89481 0.661278 0.542929 
1.87187 2.41641 3.29946 4.25683 3.70726 4.25626 4.99399 6.39872 0.518381 0.881053 
0.777977 1.80692 2.52913 3.16349 2.45181 2.89091 3.12678 4.02197 5.2307 
  GROUP
0.558035 0.371145 -1.5577 2.59718 
0.172862 -0.164077 -0.15131 1.28918 
-0.234598 -0.104761 -0.149277 1.1462 
-0.338119 -0.135277 0.0210866 1.50169 
-0.317407 -0.141659 0.190151 1.87403 
2.1476 2.72779 2.1424 1.93344 
0.0938083 0.689105 1.65835 4.6723 
0.0687794 0.818241 2.03618 5.79305 
0.0883219 1.0245 2.38456 6.56838 
0.194379 1.29352 2.71577 7.498 
0.3477 1.63638 3.11472 8.08353 
0.659212 2.07947 3.62708 9.2236 
1.02808 2.46387 3.74148 9.83748 
  JOKER
1.29499 
RF NML
  SEQ
8.82244 6.60129 4.71216 3.28357 1.60385 -0.154149 -1.05375 -1.72899 -2.33968 6.12439 5.30492 
3.28862 1.98693 0.799042 -0.407644 -1.30816 -1.76366 -1.88543 -2.03572 4.45539 3.85888 
2.75995 1.76781 0.811601 -0.190177 -0.924288 -1.491 -1.76989 -1.54133 -1.56133 
  GROUP
-0.58565 1.29512 2.82688 3.61043 
-0.545471 1.54139 3.91387 6.86632 
-0.862087 0.905378 2.82129 5.22782 
-0.846033 0.593607 1.97782 4.13963 
-0.861521 0.31988 1.30257 3.17387 
0.946121 0.837911 0.321422 1.03603 
-1.30938 -0.775327 -0.772992 0.237817 
-1.27837 -0.915943 -1.15304 -0.34791 
-1.24723 -1.01252 -1.54072 -0.954458 
-1.01425 -0.991628 -1.80414 -1.62425 
-0.617184 -0.815491 -1.78896 -2.18896 
-0.140156 -0.259023 -0.925848 -1.15595 
0.173443 -0.534945 -1.19841 -0.845308 
  JOKER
1.72869 
RF REV
  SEQ
-3.7257 -1.70249 -0.380571 0.909136 2.08933 3.71085 5.8857 7.0282 7.11897 -3.15256 -2.50706 
-1.34561 -0.482711 0.554271 1.60238 3.05929 4.12438 5.18811 4.60952 -2.3888 -2.06441 
-1.80184 -0.993506 -0.16877 0.544417 1.36357 2.05287 2.91816 3.87095 3.13765 
  GROUP
0.0927205 -0.766521 -1.26349 3.13653 
-0.111303 -0.749457 -1.61263 -1.51468 
-0.592479 -1.0301 -2.1251 -2.44733 
-0.815056 -1.06818 -2.10354 -2.5166 
-0.923493 -0.980772 -1.81333 -1.94839 
1.04479 0.668038 -0.119663 0.0938569 
-0.677461 -0.023192 0.120242 0.866496 
-0.726776 0.158559 0.703988 1.94909 
-0.720546 0.430498 1.37977 2.98646 
-0.59467 0.778975 2.06354 4.24447 
-0.368122 1.25768 2.89212 5.05823 
0.00859123 1.8102 3.69472 6.67101 
-1.48986 -1.05597 -0.135883 2.21505 
  JOKER
1.10745 
UR NML
  SEQ
2.02483 -0.0277261 4.0309 0.475092 0.626469 -3.11765 -3.78142 -3.7089 -2.00894 2.40513 -2.30309 
-0.220786 -1.14298 -1.59051 -2.11554 -3.70384 -3.28557 -2.59781 -0.993064 0.0874615 -1.11353 
-0.954307 -0.502612 -0.970546 -1.48982 -2.55148 -2.65897 -2.55562 -1.69524 -0.951579 
  GROUP
-3.86309 -4.60571 -5.29008 1.616 
-2.35366 -2.08446 -1.24474 0.183903 
-2.44322 -2.17916 -1.43419 0.0251104 
-2.18272 -2.13737 -1.55049 -0.522258 
-2.05566 -2.15302 -1.67145 -0.845246 
0.802022 0.945669 0.733532 0.76479 
-2.09573 -2.58015 -2.79764 -2.35103 
-2.17744 -2.63532 -2.84417 -2.37774 
-2.23552 -2.50821 -2.96984 -2.81593 
-2.02199 -2.23803 -2.9072 -3.26094 
-1.57923 -1.80274 -2.48226 -3.07113 
-1.00844 -0.652594 -0.899526 -0.642264 
0.380499 -0.468979 -1.83622 -2.27435 
  JOKER
1.87244 
UR REV
  SEQ
-2.21924 -2.20318 -3.09177 -2.91938 0.75362 0.116368 -1.20325 1.30006e-18 0.0833135 -1.68437 -2.06571 
-1.20753 -1.88727 -1.07658 -0.284391 -3.05479 -0.343897 -2.39529 -1.14359 -1.75488 -1.88136 
-2.03492 -1.72458 -1.21595 -0.589547 -1.50133 -1.20729 -0.52613 -0.0427953 1.84014 
  GROUP
0.446446 -0.572853 -2.25699 1.79993 
-0.718487 -0.856627 -1.50408 -1.20025 
-1.41834 -1.70089 -2.58263 -2.94233 
-1.74874 -2.27871 -3.12445 -4.09975 
-1.74906 -2.47814 -3.18299 -3.70759 
1.04404 1.50633 1.11421 0.402198 
-1.96548 -2.37244 -2.19155 -2.85274 
-2.01871 -2.47855 -2.05734 -2.53324 
-2.01072 -2.40182 -1.74267 -1.0028 
-1.79984 -2.24802 -1.26903 -0.21592 
-1.78864 -2.01831 -0.884245 1.33574 
-1.63177 -1.8213 -1.15793 -5.59508e-16 
-0.173629 -0.0627475 0.00421108 -2.77613e-16 
  JOKER
1.76763 
JK_S3
0.945163 0.513041 -0.430808 
AVG_PQR
0.368625 
NF_PARTY
-2.85275 -1.65369 
P8_JOKER
0.144284 
QTY
1.92762 -0.980108 0.24432 0.327823 
SUITLOCK_EFFECT
0.555515 0.139306 0.431836 
SAME_QR
0.345304 0.469423 -0.0455843 
REV_CLASS
0.664406 0.706801 0.681709 0.435881 0.678563 
S3 ON JOKER
2.37464 0.720083 
JOKER AGAINST S3
6.28289 2.92983 1.77169 
PASS_PHASE
0.035281 0.108033 0.434671 
PASS_DOM
2.58536 -0.5003 
PASS_OWNER_DISTANCE
0.247809 -0.534878 -1.02131 -1.46902 
PASS_DOM_NAWAKE_OWNER
-1.56961 -0.820021 -0.451861 -0.376075 -0.329506 -0.239526 -0.206976 -0.276433 
-0.63575 0.126904 0.33325 0.398415 0.438154 0.46806 0.462623 0.463659 
-0.403873 0.272474 0.441175 0.46908 0.490193 0.512509 0.528444 0.562439 
-0.251269 0.232923 0.370171 0.363495 0.341812 0.338586 0.36565 0.34219 
SEQ
0.722641 -0.027656 0.354929 
RF_GROUP_BREAK
-0.121092 2.10631 1.37994 
NFDOM_PASSDOM
-0.423873 
NF_EIGHT_MANY_WEAKERS_NOREV
-0.782014 
EIGHT_QTY
0.0068825 -0.221087 
MIN_RANK
-0.336056 -0.483315 
